Date,vibration_sigstats_ClearanceFactor,vibration_sigstats_ImpulseFactor,vibration_sigstats_Kurtosis,vibration_sigstats_ShapeFactor,vibration_sigstats_SKMean,vibration_sigstats_SKStd
07-Mar-2013 01:57:46,7.27147916386859,6.16070325426134,2.99561210988058,1.25351696870347,0.00130073366689649,0.0257500275148871
08-Mar-2013 02:34:21,7.27461113333369,6.16184995422774,3.00753448710442,1.25398919039011,0.00296325507375612,0.0233094913119196
09-Mar-2013 02:33:43,7.42305438915886,6.28736251979122,3.01248820706246,1.25396836688101,0.00161103298050342,0.0231103071564261
10-Mar-2013 03:01:02,7.52758314729783,6.37478393522755,3.01973031568888,1.25437133432185,0.00338666454722439,0.0259543165928854
11-Mar-2013 03:00:24,7.57463335482676,6.41426202822679,3.02467899694043,1.2545721731204,0.00542530956910489,0.0271924623803047
12-Mar-2013 06:17:10,7.49529103987781,6.34748122589959,3.02356520849606,1.25443080888514,0.00481179593691454,0.0273808247936206
13-Mar-2013 06:34:04,7.47987608585144,6.33417064673015,3.02719800775953,1.25449000588404,0.00524024390117539,0.0279710770349785
14-Mar-2013 06:50:41,7.47774070576391,6.33259034822246,3.02491305540864,1.25435435768792,0.00468746851308898,0.0282411920840761
15-Mar-2013 06:50:03,7.53619842716869,6.38073270772046,3.0330274979213,1.25483141089428,0.00525783077851806,0.0324214183018004
16-Mar-2013 06:56:43,7.4752820291824,6.32962822189868,3.0273137810917,1.25456390737808,0.00506728013538339,0.0317420283601359
17-Mar-2013 06:56:04,7.54214974242083,6.3850657764639,3.04068631805804,1.2551152686294,0.00421368070090544,0.03270047392616
17-Mar-2013 18:47:56,7.67748501182503,6.49778505469435,3.0532584229526,1.25574580732677,0.00718198252438056,0.0371924770583198
18-Mar-2013 18:47:15,7.91805307511704,6.69935298142385,3.07780549693839,1.25667996024818,0.00924855211562221,0.0430748743049796
20-Mar-2013 00:33:54,8.01419410494757,6.77941726642096,3.0904596556138,1.25725782499239,0.00921476250561992,0.0479269741128833
21-Mar-2013 00:33:14,8.17311777082422,6.91250535212717,3.10441714860103,1.25779650855259,0.00948866492832086,0.0510146855375468
22-Mar-2013 00:39:50,8.46672309815098,7.15762253253064,3.14806850882872,1.25934787684029,0.0116584750557978,0.0588974280982339
23-Mar-2013 00:39:11,8.55616771735956,7.22975575624359,3.18525766993313,1.26068878687116,0.0149977889437441,0.0680910667155092
24-Mar-2013 00:45:49,8.5612470909688,7.23403264931317,3.1878739863176,1.26077484714523,0.0134948041798258,0.0657888417071525
25-Mar-2013 00:45:12,8.28404647845266,7.00090799821433,3.16620307039232,1.26005768952987,0.0126746647006075,0.060565406902919
26-Mar-2013 01:41:50,8.30637401422459,7.01963719932429,3.16793634864695,1.26011246985988,0.0151556163717608,0.0575320474876712
27-Mar-2013 03:58:27,8.09903465277159,6.84473042264258,3.16512840578337,1.26000143285762,0.0166685241787008,0.0563240294564339
28-Mar-2013 09:55:31,7.8321233992194,6.62017117430105,3.1421521110064,1.25938675532837,0.0169651490508683,0.051592812972748
29-Mar-2013 09:55:05,7.80786815660423,6.60337787476178,3.10228068577116,1.25788625585797,0.016646132556252,0.0491390586979256
30-Mar-2013 10:01:42,7.83335958648248,6.62418405039083,3.11098557779963,1.25830047248621,0.0176317703678462,0.0516776896731938
31-Mar-2013 19:38:18,7.99323562514001,6.75843887802219,3.12285721421949,1.25879349630789,0.0179217917001944,0.053594022940314
01-Apr-2013 19:37:39,7.98419782799041,6.75199036621555,3.11506038663018,1.25839534814156,0.0178281893084759,0.054225703932463
02-Apr-2013 19:44:15,8.41723892306516,7.11034074061749,3.21148047908201,1.26138988602479,0.0250384578556268,0.0752197865334324
03-Apr-2013 21:29:42,8.53209687708824,7.20346226611678,3.24748353414769,1.26289489890887,0.0259451866323475,0.0821630876794093
04-Apr-2013 21:29:01,8.45862237408583,7.13840230928918,3.27585093612631,1.26407866958246,0.0286323399817141,0.0911959931533735
05-Apr-2013 21:35:37,8.55783962577287,7.21802427263803,3.3085395694836,1.26545963929142,0.0341480491991835,0.103091782988835
06-Apr-2013 22:12:09,8.62226726424971,7.26785966885205,3.35250529399059,1.26729396164642,0.0367786803898886,0.110848450116873
07-Apr-2013 22:11:31,8.91778340139192,7.51054156439258,3.43541056033247,1.27018988985282,0.0418044470974624,0.127638728104466
08-Apr-2013 22:18:09,8.84493589497933,7.44790707354618,3.4399432414697,1.27051097689074,0.0434638470230439,0.1366305161605
09-Apr-2013 23:14:45,9.01747465666918,7.58956007597922,3.47657413398683,1.27185680175464,0.0455460448045483,0.14089956939188
10-Apr-2013 23:14:07,9.35944701814629,7.86896692257616,3.58510988813914,1.27520591381303,0.0498039299220586,0.151846361643653
11-Apr-2013 23:13:58,9.82231360167781,8.2522383933673,3.68107846822173,1.27783259065852,0.0517441883249221,0.163345037493051
12-Apr-2013 17:02:31,10.1602400274205,8.52909263740071,3.74125504719225,1.28027094092846,0.0556440097605537,0.173802446808457
13-Apr-2013 17:02:10,10.2980764488847,8.62823026097671,3.92625524060692,1.28624784916153,0.0686717061827373,0.200700877243617
14-Apr-2013 17:08:47,10.0610287624175,8.43168056017197,3.87107091751903,1.28491255761471,0.0658154043146024,0.182619270392042
15-Apr-2013 22:55:24,10.1136470000705,8.47332974797134,3.92139295461783,1.28619473082755,0.0704875433270001,0.195890915330579
16-Apr-2013 23:01:59,9.81312321530299,8.22710757022924,3.83253591816662,1.28361239029593,0.0666577614711849,0.184544020932661
17-Apr-2013 23:01:20,9.99599450808819,8.36810556646685,3.98198725048785,1.28773173736643,0.077161668970698,0.20873980908208
18-Apr-2013 23:08:03,10.082889806281,8.4374387270357,4.0898936065168,1.2898501521731,0.0841591458912905,0.232376452626001
19-Apr-2013 23:07:47,10.1717890899461,8.51991136325083,4.03067168019594,1.28724690714981,0.0797436089453455,0.23371621107042
20-Apr-2013 15:13:07,10.6663475618549,8.92218908374022,4.23467832787208,1.29252350654987,0.0916724756379417,0.269550505160646
21-Apr-2013 15:12:31,10.6823425137743,8.92865430118931,4.26084278699052,1.29454441874747,0.100405550589653,0.28290012189398
22-Apr-2013 15:19:08,11.0550398674395,9.23633868032663,4.33707236721215,1.29692408446794,0.111400117452747,0.307470875010286
23-Apr-2013 15:18:30,10.6100530238828,8.87072941919755,4.18962685894048,1.29403497417859,0.112904522695974,0.299975287705702
24-Apr-2013 21:55:14,10.6526608352261,8.88079050941324,4.30887038916058,1.30122221965232,0.119622644373139,0.30926469843172
25-Apr-2013 23:22:02,10.8834166105794,9.0526170783199,4.51873740328026,1.30787510020883,0.132474678104448,0.346242918397844
