Date,vibration_sigstats_ClearanceFactor,vibration_sigstats_CrestFactor,vibration_sigstats_ImpulseFactor,vibration_sigstats_Kurtosis,vibration_sigstats_RMS,vibration_sigstats_ShapeFactor,vibration_sigstats_Std,vibration_sigstats_SKMean,vibration_sigstats_SKStd,vibration_sigstats_SKKurt,vibration_ps_spec_BandPower
07-Mar-2013 01:57:46,7.27147916386859,4.91473462910791,6.16070325426134,2.99561210988058,2.29670156617365,1.25351696870347,2.27048342860463,0.00130073366689649,0.0257500275148871,3.33918950496473,2.64246305139068
08-Mar-2013 02:34:21,7.27461113333369,4.91379865427582,6.16184995422774,3.00753448710442,2.18662191294009,1.25398919039011,2.16631568446643,0.00296325507375612,0.0233094913119196,3.34427917262428,2.40178128143009
09-Mar-2013 02:33:43,7.42305438915886,5.01397575296545,6.28736251979122,3.01248820706246,2.16271264787726,1.25396836688101,2.14539533551785,0.00161103298050342,0.0231103071564261,3.88724433204497,2.34900001671804
10-Mar-2013 03:01:02,7.52758314729783,5.08199197947361,6.37478393522755,3.01973031568888,2.12688555207546,1.25437133432185,2.1110627699462,0.00338666454722439,0.0259543165928854,4.955565640405,2.27274202818119
11-Mar-2013 03:00:24,7.57463335482676,5.11263875085996,6.41426202822679,3.02467899694043,2.11586200228717,1.2545721731204,2.10096304894774,0.00542530956910489,0.0271924623803047,4.73738311165183,2.24756206160978
12-Mar-2013 06:17:10,7.49529103987781,5.05996093765917,6.34748122589959,3.02356520849606,2.11317176689453,1.25443080888514,2.09732406777583,0.00481179593691454,0.0273808247936206,4.58161174173041,2.24095250956992
13-Mar-2013 06:34:04,7.47987608585144,5.04911332715734,6.33417064673015,3.02719800775953,2.06096200743745,1.25449000588404,2.04757386118241,0.00524024390117539,0.0279710770349785,5.38243401982279,2.12917164119742
14-Mar-2013 06:50:41,7.47774070576391,5.04838435228143,6.33259034822246,3.02491305540864,2.01950308836124,1.25435435768792,2.00578754142444,0.00468746851308898,0.0282411920840761,5.30173262485054,2.0480277027759
15-Mar-2013 06:50:03,7.53619842716869,5.08471093156859,6.38073270772046,3.0330274979213,2.00174126924263,1.25483141089428,1.98808389045856,0.00525783077851806,0.0324214183018004,7.85164843373345,2.01076937824188
16-Mar-2013 06:56:43,7.4752820291824,5.04508458908379,6.32962822189868,3.0273137810917,1.99815012222993,1.25456390737808,1.98410719813468,0.00506728013538339,0.0317420283601359,7.15800350140391,2.00344154171899
17-Mar-2013 06:56:04,7.54214974242083,5.08683539118883,6.3850657764639,3.04068631805804,2.00687393111499,1.2551152686294,1.99285360311075,0.00421368070090544,0.03270047392616,8.43405207886112,2.02247893206541
17-Mar-2013 18:47:56,7.67748501182503,5.17406737866002,6.49778505469435,3.0532584229526,2.01396882365876,1.25574580732677,2.00191658869285,0.00718198252438056,0.0371924770583198,10.7376046387266,2.0368831614211
18-Mar-2013 18:47:15,7.91805307511704,5.33051136478011,6.69935298142385,3.07780549693839,2.03999723540486,1.25667996024818,2.02797922980632,0.00924855211562221,0.0430748743049796,11.3232034499114,2.09018033960432
20-Mar-2013 00:33:54,8.01419410494757,5.39194397841244,6.77941726642096,3.0904596556138,2.11569016697934,1.25725782499239,2.10167209470846,0.00921476250561992,0.0479269741128833,12.0245347805093,2.24589642638046
21-Mar-2013 00:33:14,8.17311777082422,5.49524526163565,6.91250535212717,3.10441714860103,2.14538913037576,1.25779650855259,2.13181295542008,0.00948866492832086,0.0510146855375468,10.6714819229303,2.30819440268033
22-Mar-2013 00:39:50,8.46672309815098,5.68307756444037,7.15762253253064,3.14806850882872,2.17837321965939,1.25934787684029,2.16546350902943,0.0116584750557978,0.0588974280982339,11.852382678957,2.3774341990683
23-Mar-2013 00:39:11,8.55616771735956,5.73421505673837,7.22975575624359,3.18525766993313,2.19239848816547,1.26068878687116,2.17967409752659,0.0149977889437441,0.0680910667155092,12.018743894635,2.40792181738981
24-Mar-2013 00:45:49,8.5612470909688,5.73725081503677,7.23403264931317,3.1878739863176,2.20808989855951,1.26077484714523,2.19232040347036,0.0134948041798258,0.0657888417071525,10.2967110958633,2.44361776009033
25-Mar-2013 00:45:12,8.28404647845266,5.55482710638611,7.00090799821433,3.16620307039232,2.17444073785928,1.26005768952987,2.15888795939937,0.0126746647006075,0.060565406902919,9.90843396728982,2.37553873102472
26-Mar-2013 01:41:50,8.30637401422459,5.56949187839611,7.01963719932429,3.16793634864695,2.16804849085414,1.26011246985988,2.15471253212433,0.0151556163717608,0.0575320474876712,9.41048547299208,2.36160274435975
27-Mar-2013 03:58:27,8.09903465277159,5.43113948273141,6.84473042264258,3.16512840578337,2.12860341727683,1.26000143285762,2.1122431647488,0.0166685241787008,0.0563240294564339,9.78356080601396,2.27994235044613
28-Mar-2013 09:55:31,7.8321233992194,5.25587411443764,6.62017117430105,3.1421521110064,2.1393080461536,1.25938675532837,2.12163770362651,0.0169651490508683,0.051592812972748,9.43540345628128,2.30440410929676
29-Mar-2013 09:55:05,7.80786815660423,5.24943267019654,6.60337787476178,3.10228068577116,2.11773000568726,1.25788625585797,2.10005714113515,0.016646132556252,0.0491390586979256,11.0988635729638,2.25839995615705
30-Mar-2013 10:01:42,7.83335958648248,5.26418465938856,6.62418405039083,3.11098557779963,2.08410275855256,1.25830047248621,2.06933838746193,0.0176317703678462,0.0516776896731938,11.3300369565854,2.18607118873346
31-Mar-2013 19:38:18,7.99323562514001,5.36905494252072,6.75843887802219,3.12285721421949,2.1192886960904,1.25879349630789,2.10374112856719,0.0179217917001944,0.053594022940314,11.434872089035,2.25802037403223
01-Apr-2013 19:37:39,7.98419782799041,5.36561890228725,6.75199036621555,3.11506038663018,2.0603587289435,1.25839534814156,2.04603958327747,0.0178281893084759,0.054225703932463,12.3024577507505,2.13547549014372
02-Apr-2013 19:44:15,8.41723892306516,5.63392470937602,7.11034074061749,3.21148047908201,2.09352818935116,1.26138988602479,2.0820632823298,0.0250384578556268,0.0752197865334324,12.5355091175931,2.20388079367875
03-Apr-2013 21:29:42,8.53209687708824,5.70124979385676,7.20346226611678,3.24748353414769,2.10835280734246,1.26289489890887,2.09743002013501,0.0259451866323475,0.0821630876794093,12.7276307412817,2.23846720794724
04-Apr-2013 21:29:01,8.45862237408583,5.6444268751568,7.13840230928918,3.27585093612631,2.12990261417909,1.26407866958246,2.11907175464999,0.0286323399817141,0.0911959931533735,12.9937136376733,2.28511954263188
05-Apr-2013 21:35:37,8.55783962577287,5.70127442383847,7.21802427263803,3.3085395694836,2.16699563593482,1.26545963929142,2.15610399883008,0.0341480491991835,0.103091782988835,13.9147319665826,2.36558006241422
06-Apr-2013 22:12:09,8.62226726424971,5.7328480636525,7.26785966885205,3.35250529399059,2.21427784892992,1.26729396164642,2.20347663319607,0.0367786803898886,0.110848450116873,14.3479217957603,2.47512497530705
07-Apr-2013 22:11:31,8.91778340139192,5.91140776352501,7.51054156439258,3.43541056033247,2.24934854821015,1.27018988985282,2.23868463685922,0.0418044470974624,0.127638728104466,14.94828637864,2.54500868404967
08-Apr-2013 22:18:09,8.84493589497933,5.86073106512841,7.44790707354618,3.4399432414697,2.25324034432562,1.27051097689074,2.2429219402327,0.0434638470230439,0.1366305161605,14.6493278710444,2.55290989175717
09-Apr-2013 23:14:45,9.01747465666918,5.96585657116035,7.58956007597922,3.47657413398683,2.28046050928811,1.27185680175464,2.26947330375134,0.0455460448045483,0.14089956939188,14.8059332252634,2.61965802240775
10-Apr-2013 23:14:07,9.35944701814629,6.16919802647372,7.86896692257616,3.58510988813914,2.34974541986817,1.27520591381303,2.33680654159636,0.0498039299220586,0.151846361643653,13.1892860308141,2.78736550698872
11-Apr-2013 23:13:58,9.82231360167781,6.4557731103266,8.2522383933673,3.68107846822173,2.36450264572308,1.27783259065852,2.3522545186983,0.0517441883249221,0.163345037493051,13.0639299650215,2.82081488109685
12-Apr-2013 17:02:31,10.1602400274205,6.66096044704579,8.52909263740071,3.74125504719225,2.40744202495096,1.28027094092846,2.39475787880093,0.0556440097605537,0.173802446808457,13.1331629897425,2.93174560287748
13-Apr-2013 17:02:10,10.2980764488847,6.70742630301426,8.62823026097671,3.92625524060692,2.48229394826789,1.28624784916153,2.46956858935773,0.0686717061827373,0.200700877243617,12.6698203714873,3.10763810492134
14-Apr-2013 17:08:47,10.0610287624175,6.55967002032471,8.43168056017197,3.87107091751903,2.51041347785931,1.28491255761471,2.49778002706064,0.0658154043146024,0.182619270392042,12.767859088571,3.17269216719198
15-Apr-2013 22:55:24,10.1136470000705,6.58594940427896,8.47332974797134,3.92139295461783,2.44227415108,1.28619473082755,2.42772671040501,0.0704875433270001,0.195890915330579,12.553462994051,3.01409597495756
16-Apr-2013 23:01:59,9.81312321530299,6.40547976660352,8.22710757022924,3.83253591816662,2.37607218885512,1.28361239029593,2.36357310141159,0.0666577614711849,0.184544020932661,12.3007132063528,2.85318139713671
17-Apr-2013 23:01:20,9.99599450808819,6.48961477504491,8.36810556646685,3.98198725048785,2.37948970868026,1.28773173736643,2.36671916946901,0.077161668970698,0.20873980908208,12.1423425461592,2.86184972123277
18-Apr-2013 23:08:03,10.082889806281,6.53207401732037,8.4374387270357,4.0898936065168,2.31334012240844,1.2898501521731,2.30242219402638,0.0841591458912905,0.232376452626001,12.711745933662,2.69495941014108
19-Apr-2013 23:07:47,10.1717890899461,6.60935606792198,8.51991136325083,4.03067168019594,2.26621346498803,1.28724690714981,2.25571728457713,0.0797436089453455,0.23371621107042,13.3579083741963,2.57969761245223
20-Apr-2013 15:13:07,10.6663475618549,6.89526616104894,8.92218908374022,4.23467832787208,2.27488204286967,1.29252350654987,2.26460695626727,0.0916724756379417,0.269550505160646,12.8635161674508,2.59929810412256
21-Apr-2013 15:12:31,10.6823425137743,6.89040777182597,8.92865430118931,4.26084278699052,2.33780925442582,1.29454441874747,2.33126032211198,0.100405550589653,0.28290012189398,13.2161498317472,2.74484971878724
22-Apr-2013 15:19:08,11.0550398674395,7.11980331486687,9.23633868032663,4.33707236721215,2.3468252312543,1.29692408446794,2.34082500684924,0.111400117452747,0.307470875010286,13.5674946594642,2.76519502992021
23-Apr-2013 15:18:30,10.6100530238828,6.85468233422304,8.87072941919755,4.18962685894048,2.36189927561011,1.29403497417859,2.35612465443362,0.112904522695974,0.299975287705702,13.5831300492834,2.80187175726702
24-Apr-2013 21:55:14,10.6526608352261,6.82464542778446,8.88079050941324,4.30887038916058,2.51076920768122,1.30122221965232,2.50403433561135,0.119622644373139,0.30926469843172,12.8222093094026,3.21433870951744
25-Apr-2013 23:22:02,10.8834166105794,6.9178498634944,9.0526170783199,4.51873740328026,2.62900991920375,1.30787510020883,2.62116525733387,0.132474678104448,0.346242918397844,13.1437723940321,3.52721347112587
